7.0 0.16125500000000004 0.632035 0.32251 0.731602
7.0 0.18722899999999998 0.401515 0.361472 0.409091
7.0 0.31060600000000005 0.494589 0.378788 0.577922
7.0 0.48376600000000003 0.623377 0.183983 0.753246
7.0 0.659091 0.428571 0.205628 0.606061
7.0 0.844156 0.415584 0.294372 0.493506
7.0 0.713203 0.680736 0.404762 0.616883
7.0 0.5162340000000001 0.15368 0.19697 0.307359
7.0 0.784632 0.19697 0.127706 0.290043
7.0 0.19913400000000003 0.177489 0.177489 0.333333
7.0 0.919913 0.717532 0.160173 0.564935
