7.0 0.604978 0.337662 0.357143 0.497835
7.0 0.704545 0.681818 0.517316 0.580087
7.0 0.441558 0.36255400000000004 0.350649 0.088745
7.0 0.275974 0.201299 0.292208 0.08658
7.0 0.271645 0.572511 0.296537 0.132035
7.0 0.310606 0.5227269999999999 0.37013 0.170996
7.0 0.251082 0.709957 0.350649 0.367965
7.0 0.385281 0.777056 0.359307 0.290043
7.0 0.428571 0.6331169999999999 0.398268 0.145022
7.0 0.471861 0.45346299999999995 0.4329 0.183983
7.0 0.262987 0.821429 0.28355 0.318182
7.0 0.401515 0.30086599999999997 0.24026 0.164502
7.0 0.17316 0.41450200000000004 0.281385 0.127706
