3.0 0.649194 0.113911 0.225806 0.147177
3.0 0.373992 0.169355 0.207661 0.181452
3.0 0.770161 0.069556 0.149194 0.09879
3.0 0.825605 0.288306 0.260081 0.157258
3.0 0.538306 0.324597 0.258065 0.189516
3.0 0.21572599999999997 0.485887 0.314516 0.322581
3.0 0.883065 0.502016 0.23387 0.237903
3.0 0.90121 0.814516 0.19758 0.241935
3.0 0.508065 0.704637 0.274194 0.191532
3.0 0.530242 0.539315 0.266129 0.159274
3.0 0.26814499999999997 0.915323 0.516129 0.169354
3.0 0.11693500000000001 0.08871 0.185484 0.108871
3.0 0.19354800000000005 0.241935 0.177419 0.08871
3.0 0.752016 0.677419 0.28629 0.245968
3.0 0.272177 0.77621 0.217742 0.165323
3.0 0.5181450000000001 0.912298 0.330645 0.175403
