3.0 0.789315 0.217742 0.264113 0.181452
3.0 0.322581 0.256048 0.266129 0.205645
3.0 0.10786300000000004 0.121976 0.203629 0.143145
3.0 0.595766 0.302419 0.207661 0.129032
3.0 0.649194 0.525202 0.375 0.219758
3.0 0.11189499999999997 0.496976 0.22379 0.231855
3.0 0.09879000000000004 0.763105 0.193548 0.179435
3.0 0.32762100000000005 0.818548 0.377016 0.197581
3.0 0.862903 0.768145 0.274194 0.141129
3.0 0.353831 0.495968 0.207661 0.125
3.0 0.909274 0.409274 0.157258 0.298387
3.0 0.664315 0.790323 0.22379 0.189516
3.0 0.514113 0.665323 0.25 0.157258
3.0 0.22177400000000003 0.596774 0.262097 0.181452
3.0 0.47278200000000004 0.147177 0.22379 0.153226
3.0 0.897177 0.936492 0.193548 0.127016
3.0 0.90625 0.59879 0.1875 0.157258
