7.0 0.662338 0.604978 0.497835 0.357143
7.0 0.318182 0.704545 0.580087 0.517316
7.0 0.637446 0.441558 0.088745 0.350649
7.0 0.798701 0.275974 0.08658 0.292208
7.0 0.427489 0.271645 0.132035 0.296537
7.0 0.477273 0.310606 0.170996 0.37013
7.0 0.290043 0.251082 0.367965 0.350649
7.0 0.222944 0.385281 0.290043 0.359307
7.0 0.366883 0.428571 0.145022 0.398268
7.0 0.546537 0.471861 0.183983 0.4329
7.0 0.178571 0.262987 0.318182 0.28355
7.0 0.699134 0.401515 0.164502 0.24026
7.0 0.585498 0.17316 0.127706 0.281385
