7.0 0.632035 0.16125500000000004 0.731602 0.32251
7.0 0.401515 0.18722899999999998 0.409091 0.361472
7.0 0.494589 0.31060600000000005 0.577922 0.378788
7.0 0.623377 0.48376600000000003 0.753246 0.183983
7.0 0.428571 0.659091 0.606061 0.205628
7.0 0.415584 0.844156 0.493506 0.294372
7.0 0.680736 0.713203 0.616883 0.404762
7.0 0.15368 0.5162340000000001 0.307359 0.19697
7.0 0.19697 0.784632 0.290043 0.127706
7.0 0.177489 0.19913400000000003 0.333333 0.177489
7.0 0.717532 0.919913 0.564935 0.160173
