3.0 0.772177 0.107863 0.334677 0.15121
3.0 0.551411 0.181452 0.296371 0.177419
3.0 0.408266 0.283266 0.22379 0.139113
3.0 0.728831 0.40121 0.324597 0.205645
3.0 0.39213699999999996 0.509073 0.368952 0.256048
3.0 0.670363 0.766129 0.320565 0.181452
3.0 0.16028200000000004 0.821573 0.320564 0.243952
3.0 0.13104800000000005 0.455645 0.262096 0.221774
3.0 0.134073 0.231855 0.268145 0.201613
3.0 0.876008 0.736895 0.215726 0.27621
3.0 0.45463699999999996 0.841734 0.247984 0.219758
3.0 0.7006049999999999 0.586694 0.280242 0.133065
3.0 0.271169 0.087702 0.231855 0.118952
