3 0.350806 0.113911 0.225806 0.147177
3 0.626008 0.169355 0.207661 0.181452
3 0.229839 0.069556 0.149194 0.098790
3 0.174395 0.288306 0.260081 0.157258
3 0.461694 0.324597 0.258065 0.189516
3 0.784274 0.485887 0.314516 0.322581
3 0.116935 0.502016 0.233870 0.237903
3 0.098790 0.814516 0.197580 0.241935
3 0.491935 0.704637 0.274194 0.191532
3 0.469758 0.539315 0.266129 0.159274
3 0.731855 0.915323 0.516129 0.169354
3 0.883065 0.088710 0.185484 0.108871
3 0.806452 0.241935 0.177419 0.088710
3 0.247984 0.677419 0.286290 0.245968
3 0.727823 0.776210 0.217742 0.165323
3 0.481855 0.912298 0.330645 0.175403
