3.0 0.129032 0.600806 0.16129 0.266129
3.0 0.327621 0.53125 0.247984 0.243952
3.0 0.487903 0.22278200000000004 0.310484 0.332661
3.0 0.715726 0.440524 0.173387 0.231855
3.0 0.652218 0.727823 0.195565 0.290323
3.0 0.471774 0.886089 0.383065 0.227822
3.0 0.818548 0.8911290000000001 0.282258 0.217742
3.0 0.144153 0.32862899999999995 0.191532 0.322581
3.0 0.236895 0.19052400000000003 0.118952 0.207661
3.0 0.277218 0.805444 0.1875 0.328629
3.0 0.522177 0.522177 0.145161 0.322581
3.0 0.094758 0.10584700000000002 0.16129 0.155242
3.0 0.658266 0.147177 0.147177 0.294354
