3.0 0.794355 0.221774 0.326613 0.233871
3.0 0.24294400000000005 0.316532 0.264113 0.193548
3.0 0.208669 0.670363 0.332661 0.316532
3.0 0.7449600000000001 0.625 0.344758 0.189516
3.0 0.471774 0.864919 0.693548 0.262097
3.0 0.5 0.376008 0.41129 0.211694
3.0 0.20665299999999998 0.107863 0.296371 0.191532
3.0 0.759073 0.446573 0.304435 0.147177
3.0 0.517137 0.670363 0.239919 0.199597
3.0 0.465726 0.155242 0.169355 0.141129
3.0 0.617944 0.095766 0.227823 0.1875
3.0 0.12903200000000004 0.440524 0.217742 0.159274
