3 0.203629 0.206653 0.209677 0.215726
3 0.349798 0.579637 0.336694 0.280242
3 0.739919 0.282258 0.306452 0.245968
3 0.634073 0.491935 0.340726 0.250000
3 0.715726 0.900202 0.391129 0.199596
3 0.571573 0.121976 0.175403 0.139113
3 0.457661 0.307460 0.189516 0.106855
3 0.114919 0.461694 0.229838 0.258065
3 0.128024 0.851815 0.256048 0.127016
3 0.319556 0.884073 0.320565 0.143145
3 0.917339 0.613911 0.165322 0.284274
3 0.849798 0.078629 0.203629 0.125000
3 0.797379 0.722782 0.292339 0.167339
3 0.514113 0.733871 0.233871 0.149194
