3.0 0.7963709999999999 0.206653 0.209677 0.215726
3.0 0.650202 0.579637 0.336694 0.280242
3.0 0.260081 0.282258 0.306452 0.245968
3.0 0.365927 0.491935 0.340726 0.25
3.0 0.284274 0.900202 0.391129 0.199596
3.0 0.428427 0.121976 0.175403 0.139113
3.0 0.542339 0.30746 0.189516 0.106855
3.0 0.885081 0.461694 0.229838 0.258065
3.0 0.871976 0.851815 0.256048 0.127016
3.0 0.680444 0.884073 0.320565 0.143145
3.0 0.08266099999999998 0.613911 0.165322 0.284274
3.0 0.15020199999999995 0.078629 0.203629 0.125
3.0 0.20262100000000005 0.722782 0.292339 0.167339
3.0 0.48588699999999996 0.733871 0.233871 0.149194
