3.0 0.206653 0.7963709999999999 0.215726 0.209677
3.0 0.579637 0.650202 0.280242 0.336694
3.0 0.282258 0.260081 0.245968 0.306452
3.0 0.491935 0.365927 0.25 0.340726
3.0 0.900202 0.284274 0.199596 0.391129
3.0 0.121976 0.428427 0.139113 0.175403
3.0 0.30746 0.542339 0.106855 0.189516
3.0 0.461694 0.885081 0.258065 0.229838
3.0 0.851815 0.871976 0.127016 0.256048
3.0 0.884073 0.680444 0.143145 0.320565
3.0 0.613911 0.08266099999999998 0.284274 0.165322
3.0 0.078629 0.15020199999999995 0.125 0.203629
3.0 0.722782 0.20262100000000005 0.167339 0.292339
3.0 0.733871 0.48588699999999996 0.149194 0.233871
