3.0 0.113911 0.649194 0.147177 0.225806
3.0 0.169355 0.373992 0.181452 0.207661
3.0 0.069556 0.770161 0.09879 0.149194
3.0 0.288306 0.825605 0.157258 0.260081
3.0 0.324597 0.538306 0.189516 0.258065
3.0 0.485887 0.21572599999999997 0.322581 0.314516
3.0 0.502016 0.883065 0.237903 0.23387
3.0 0.814516 0.90121 0.241935 0.19758
3.0 0.704637 0.508065 0.191532 0.274194
3.0 0.539315 0.530242 0.159274 0.266129
3.0 0.915323 0.26814499999999997 0.169354 0.516129
3.0 0.08871 0.11693500000000001 0.108871 0.185484
3.0 0.241935 0.19354800000000005 0.08871 0.177419
3.0 0.677419 0.752016 0.245968 0.28629
3.0 0.77621 0.272177 0.165323 0.217742
3.0 0.912298 0.5181450000000001 0.175403 0.330645
