3.0 0.221774 0.794355 0.233871 0.326613
3.0 0.316532 0.24294400000000005 0.193548 0.264113
3.0 0.670363 0.208669 0.316532 0.332661
3.0 0.625 0.7449600000000001 0.189516 0.344758
3.0 0.864919 0.471774 0.262097 0.693548
3.0 0.376008 0.5 0.211694 0.41129
3.0 0.107863 0.20665299999999998 0.191532 0.296371
3.0 0.446573 0.759073 0.147177 0.304435
3.0 0.670363 0.517137 0.199597 0.239919
3.0 0.155242 0.465726 0.141129 0.169355
3.0 0.095766 0.617944 0.1875 0.227823
3.0 0.440524 0.12903200000000004 0.159274 0.217742
