3.0 0.683468 0.107863 0.28629 0.179435
3.0 0.39112899999999995 0.184476 0.326613 0.147177
3.0 0.5756049999999999 0.413306 0.320565 0.221774
3.0 0.248992 0.58871 0.397177 0.233871
3.0 0.5887100000000001 0.645161 0.225806 0.133065
3.0 0.53125 0.837702 0.284274 0.143145
3.0 0.30745999999999996 0.90121 0.264113 0.145161
3.0 0.831653 0.789315 0.260081 0.252016
3.0 0.809476 0.543347 0.139113 0.215726
3.0 0.21270199999999995 0.304435 0.22379 0.189516
3.0 0.857863 0.358871 0.284274 0.217742
3.0 0.11088699999999996 0.086694 0.221774 0.116935
