3.0 0.600806 0.129032 0.266129 0.16129
3.0 0.53125 0.327621 0.243952 0.247984
3.0 0.22278200000000004 0.487903 0.332661 0.310484
3.0 0.440524 0.715726 0.231855 0.173387
3.0 0.727823 0.652218 0.290323 0.195565
3.0 0.886089 0.471774 0.227822 0.383065
3.0 0.8911290000000001 0.818548 0.217742 0.282258
3.0 0.32862899999999995 0.144153 0.322581 0.191532
3.0 0.19052400000000003 0.236895 0.207661 0.118952
3.0 0.805444 0.277218 0.328629 0.1875
3.0 0.522177 0.522177 0.322581 0.145161
3.0 0.10584700000000002 0.094758 0.155242 0.16129
3.0 0.147177 0.658266 0.294354 0.147177
