3.0 0.232863 0.5 0.1875 0.254032
3.0 0.366935 0.668347 0.201613 0.340726
3.0 0.474798 0.39112899999999995 0.191532 0.358871
3.0 0.764113 0.662298 0.177419 0.227823
3.0 0.560484 0.6512100000000001 0.153226 0.294355
3.0 0.852823 0.38004000000000004 0.229839 0.280242
3.0 0.447581 0.12197599999999997 0.233871 0.219758
3.0 0.274194 0.09778200000000004 0.205645 0.159274
3.0 0.821573 0.12802400000000003 0.272177 0.252016
3.0 0.712702 0.888105 0.264113 0.215726
3.0 0.166331 0.7338709999999999 0.183468 0.209677
3.0 0.287298 0.340726 0.09879 0.217742
