3.0 0.092742 0.47278200000000004 0.116935 0.34879
3.0 0.158266 0.18951600000000002 0.171371 0.262097
3.0 0.353831 0.375 0.235887 0.270161
3.0 0.295363 0.71875 0.175403 0.304435
3.0 0.547379 0.818548 0.344758 0.334677
3.0 0.574597 0.39213699999999996 0.153226 0.268145
3.0 0.547379 0.10685500000000003 0.328629 0.21371
3.0 0.782258 0.335685 0.217742 0.207661
3.0 0.798387 0.445565 0.016129 0.044355
3.0 0.717742 0.59375 0.274194 0.280242
3.0 0.881048 0.805444 0.237903 0.356855
3.0 0.875 0.16330599999999995 0.221774 0.241935
