3.0 0.47278200000000004 0.092742 0.34879 0.116935
3.0 0.18951600000000002 0.158266 0.262097 0.171371
3.0 0.375 0.353831 0.270161 0.235887
3.0 0.71875 0.295363 0.304435 0.175403
3.0 0.818548 0.547379 0.334677 0.344758
3.0 0.39213699999999996 0.574597 0.268145 0.153226
3.0 0.10685500000000003 0.547379 0.21371 0.328629
3.0 0.335685 0.782258 0.207661 0.217742
3.0 0.445565 0.798387 0.044355 0.016129
3.0 0.59375 0.717742 0.280242 0.274194
3.0 0.805444 0.881048 0.356855 0.237903
3.0 0.16330599999999995 0.875 0.241935 0.221774
