3.0 0.107863 0.772177 0.15121 0.334677
3.0 0.181452 0.551411 0.177419 0.296371
3.0 0.283266 0.408266 0.139113 0.22379
3.0 0.40121 0.728831 0.205645 0.324597
3.0 0.509073 0.39213699999999996 0.256048 0.368952
3.0 0.766129 0.670363 0.181452 0.320565
3.0 0.821573 0.16028200000000004 0.243952 0.320564
3.0 0.455645 0.13104800000000005 0.221774 0.262096
3.0 0.231855 0.134073 0.201613 0.268145
3.0 0.736895 0.876008 0.27621 0.215726
3.0 0.841734 0.45463699999999996 0.219758 0.247984
3.0 0.586694 0.7006049999999999 0.133065 0.280242
3.0 0.087702 0.271169 0.118952 0.231855
