3 0.210685 0.217742 0.264113 0.181452
3 0.677419 0.256048 0.266129 0.205645
3 0.892137 0.121976 0.203629 0.143145
3 0.404234 0.302419 0.207661 0.129032
3 0.350806 0.525202 0.375000 0.219758
3 0.888105 0.496976 0.223790 0.231855
3 0.901210 0.763105 0.193548 0.179435
3 0.672379 0.818548 0.377016 0.197581
3 0.137097 0.768145 0.274194 0.141129
3 0.646169 0.495968 0.207661 0.125000
3 0.090726 0.409274 0.157258 0.298387
3 0.335685 0.790323 0.223790 0.189516
3 0.485887 0.665323 0.250000 0.157258
3 0.778226 0.596774 0.262097 0.181452
3 0.527218 0.147177 0.223790 0.153226
3 0.102823 0.936492 0.193548 0.127016
3 0.093750 0.598790 0.187500 0.157258
