3.0 0.5 0.232863 0.254032 0.1875
3.0 0.668347 0.366935 0.340726 0.201613
3.0 0.39112899999999995 0.474798 0.358871 0.191532
3.0 0.662298 0.764113 0.227823 0.177419
3.0 0.6512100000000001 0.560484 0.294355 0.153226
3.0 0.38004000000000004 0.852823 0.280242 0.229839
3.0 0.12197599999999997 0.447581 0.219758 0.233871
3.0 0.09778200000000004 0.274194 0.159274 0.205645
3.0 0.12802400000000003 0.821573 0.252016 0.272177
3.0 0.888105 0.712702 0.215726 0.264113
3.0 0.7338709999999999 0.166331 0.209677 0.183468
3.0 0.340726 0.287298 0.217742 0.09879
