3.0 0.217742 0.789315 0.181452 0.264113
3.0 0.256048 0.322581 0.205645 0.266129
3.0 0.121976 0.10786300000000004 0.143145 0.203629
3.0 0.302419 0.595766 0.129032 0.207661
3.0 0.525202 0.649194 0.219758 0.375
3.0 0.496976 0.11189499999999997 0.231855 0.22379
3.0 0.763105 0.09879000000000004 0.179435 0.193548
3.0 0.818548 0.32762100000000005 0.197581 0.377016
3.0 0.768145 0.862903 0.141129 0.274194
3.0 0.495968 0.353831 0.125 0.207661
3.0 0.409274 0.909274 0.298387 0.157258
3.0 0.790323 0.664315 0.189516 0.22379
3.0 0.665323 0.514113 0.157258 0.25
3.0 0.596774 0.22177400000000003 0.181452 0.262097
3.0 0.147177 0.47278200000000004 0.153226 0.22379
3.0 0.936492 0.897177 0.127016 0.193548
3.0 0.59879 0.90625 0.157258 0.1875
