3.0 0.107863 0.683468 0.179435 0.28629
3.0 0.184476 0.39112899999999995 0.147177 0.326613
3.0 0.413306 0.5756049999999999 0.221774 0.320565
3.0 0.58871 0.248992 0.233871 0.397177
3.0 0.645161 0.5887100000000001 0.133065 0.225806
3.0 0.837702 0.53125 0.143145 0.284274
3.0 0.90121 0.30745999999999996 0.145161 0.264113
3.0 0.789315 0.831653 0.252016 0.260081
3.0 0.543347 0.809476 0.215726 0.139113
3.0 0.304435 0.21270199999999995 0.189516 0.22379
3.0 0.358871 0.857863 0.217742 0.284274
3.0 0.086694 0.11088699999999996 0.116935 0.221774
