3.0 0.7237899999999999 0.095766 0.245968 0.191532
3.0 0.302419 0.140121 0.282258 0.191532
3.0 0.13205599999999995 0.388105 0.247984 0.243952
3.0 0.114919 0.621976 0.189516 0.215726
3.0 0.664315 0.376008 0.389113 0.227823
3.0 0.38911300000000004 0.655242 0.28629 0.25
3.0 0.704637 0.846774 0.522177 0.306452
3.0 0.196573 0.861895 0.393145 0.239919
3.0 0.09979800000000005 0.069556 0.179435 0.139112
3.0 0.895161 0.214718 0.169355 0.203629
3.0 0.39919400000000005 0.314516 0.201613 0.193548
3.0 0.871976 0.58871 0.235887 0.177419
