3.0 0.402218 0.868952 0.231855 0.262096
3.0 0.563508 0.59375 0.231855 0.381048
3.0 0.292339 0.21673399999999998 0.322581 0.308468
3.0 0.211694 0.689516 0.201613 0.262097
3.0 0.303427 0.541331 0.15121 0.227823
3.0 0.502016 0.314516 0.201613 0.318548
3.0 0.676411 0.15625 0.195565 0.3125
3.0 0.84375 0.836694 0.167339 0.278226
3.0 0.892137 0.6118950000000001 0.163306 0.292339
3.0 0.861895 0.28830599999999995 0.252016 0.334677
3.0 0.655242 0.876008 0.133065 0.247984
3.0 0.116935 0.41229800000000005 0.153226 0.227823
3.0 0.146169 0.877016 0.171371 0.245968
