3.0 0.631048 0.410282 0.326613 0.260081
3.0 0.28729800000000005 0.365927 0.296371 0.219758
3.0 0.10483900000000002 0.412298 0.137097 0.352823
3.0 0.345766 0.669355 0.235887 0.25
3.0 0.833669 0.632056 0.219758 0.167339
3.0 0.683468 0.107863 0.189516 0.167339
3.0 0.24798399999999998 0.16129 0.346774 0.193548
3.0 0.519153 0.195565 0.159274 0.137097
3.0 0.873992 0.245968 0.203629 0.185484
3.0 0.948589 0.799395 0.010081 0.010081
3.0 0.6300399999999999 0.881048 0.578629 0.237903
3.0 0.879032 0.455645 0.205645 0.153226
3.0 0.634073 0.665323 0.247984 0.149194
3.0 0.186492 0.857863 0.324597 0.284274
