2.0 0.521002 0.775687 0.347334 0.448626
2.0 0.397415 0.283199 0.197092 0.277868
2.0 0.257674 0.870436 0.340872 0.140549
2.0 0.835218 0.551373 0.22294 0.271405
2.0 0.659935 0.19838500000000003 0.214863 0.105008
2.0 0.53958 0.39951499999999995 0.332795 0.216478
2.0 0.100162 0.728271 0.200323 0.499192
2.0 0.286753 0.175767 0.285945 0.218094
2.0 0.781099 0.36155099999999996 0.224556 0.14378
2.0 0.077544 0.280775 0.148627 0.234249
2.0 0.857835 0.857512 0.19063 0.192246
2.0 0.817447 0.18949899999999997 0.219709 0.025848
