3.0 0.571573 0.179435 0.1875 0.165323
3.0 0.27721799999999996 0.22379 0.207661 0.149194
3.0 0.41129000000000004 0.365927 0.233871 0.118952
3.0 0.157258 0.493952 0.201613 0.28629
3.0 0.745968 0.450605 0.306452 0.215726
3.0 0.756048 0.719758 0.193548 0.165323
3.0 0.633065 0.879032 0.407258 0.141129
3.0 0.40625 0.665323 0.231855 0.137097
3.0 0.195565 0.895161 0.391129 0.209677
3.0 0.407258 0.506048 0.225806 0.080645
3.0 0.09879000000000004 0.168347 0.19758 0.147177
3.0 0.878024 0.215726 0.135081 0.116935
3.0 0.26310500000000003 0.735887 0.268145 0.129032
