3.0 0.084677 0.655242 0.137097 0.270161
3.0 0.259073 0.844758 0.247984 0.229839
3.0 0.334677 0.521169 0.245968 0.352823
3.0 0.11996 0.18145199999999995 0.171371 0.330645
3.0 0.346774 0.03427400000000003 0.254032 0.068548
3.0 0.305444 0.24294400000000005 0.167339 0.280242
3.0 0.632056 0.228831 0.22379 0.364919
3.0 0.626008 0.728831 0.1875 0.372984
3.0 0.462702 0.823589 0.155242 0.247984
3.0 0.669355 0.563508 0.177419 0.252016
3.0 0.867944 0.479839 0.239919 0.681452
3.0 0.140121 0.469758 0.118952 0.153226
3.0 0.811492 0.814516 0.239919 0.278226
