3.0 0.378024 0.747984 0.239919 0.262097
3.0 0.493952 0.42439499999999997 0.25 0.324597
3.0 0.246976 0.10685500000000003 0.227823 0.21371
3.0 0.447581 0.16028200000000004 0.241935 0.292339
3.0 0.233871 0.504032 0.217742 0.274194
3.0 0.200605 0.728831 0.139113 0.284274
3.0 0.3125 0.37903200000000004 0.108871 0.225806
3.0 0.538306 0.857863 0.197581 0.163306
3.0 0.601815 0.712702 0.159274 0.304435
3.0 0.777218 0.673387 0.143145 0.278226
3.0 0.796371 0.17036300000000004 0.274194 0.292339
3.0 0.83871 0.447581 0.209677 0.21371
3.0 0.743952 0.917339 0.209677 0.165322
3.0 0.948589 0.71875 0.102822 0.268145
