3.0 0.095766 0.7237899999999999 0.191532 0.245968
3.0 0.140121 0.302419 0.191532 0.282258
3.0 0.388105 0.13205599999999995 0.243952 0.247984
3.0 0.621976 0.114919 0.215726 0.189516
3.0 0.376008 0.664315 0.227823 0.389113
3.0 0.655242 0.38911300000000004 0.25 0.28629
3.0 0.846774 0.704637 0.306452 0.522177
3.0 0.861895 0.196573 0.239919 0.393145
3.0 0.069556 0.09979800000000005 0.139112 0.179435
3.0 0.214718 0.895161 0.203629 0.169355
3.0 0.314516 0.39919400000000005 0.193548 0.201613
3.0 0.58871 0.871976 0.177419 0.235887
