3.0 0.410282 0.631048 0.260081 0.326613
3.0 0.365927 0.28729800000000005 0.219758 0.296371
3.0 0.412298 0.10483900000000002 0.352823 0.137097
3.0 0.669355 0.345766 0.25 0.235887
3.0 0.632056 0.833669 0.167339 0.219758
3.0 0.107863 0.683468 0.167339 0.189516
3.0 0.16129 0.24798399999999998 0.193548 0.346774
3.0 0.195565 0.519153 0.137097 0.159274
3.0 0.245968 0.873992 0.185484 0.203629
3.0 0.799395 0.948589 0.010081 0.010081
3.0 0.881048 0.6300399999999999 0.237903 0.578629
3.0 0.455645 0.879032 0.153226 0.205645
3.0 0.665323 0.634073 0.149194 0.247984
3.0 0.857863 0.186492 0.284274 0.324597
