3.0 0.252016 0.378024 0.262097 0.239919
3.0 0.575605 0.493952 0.324597 0.25
3.0 0.893145 0.246976 0.21371 0.227823
3.0 0.839718 0.447581 0.292339 0.241935
3.0 0.495968 0.233871 0.274194 0.217742
3.0 0.271169 0.200605 0.284274 0.139113
3.0 0.620968 0.3125 0.225806 0.108871
3.0 0.142137 0.538306 0.163306 0.197581
3.0 0.287298 0.601815 0.304435 0.159274
3.0 0.326613 0.777218 0.278226 0.143145
3.0 0.829637 0.796371 0.292339 0.274194
3.0 0.552419 0.83871 0.21371 0.209677
3.0 0.082661 0.743952 0.165322 0.209677
3.0 0.28125 0.948589 0.268145 0.102822
