2.0 0.775687 0.521002 0.448626 0.347334
2.0 0.283199 0.397415 0.277868 0.197092
2.0 0.870436 0.257674 0.140549 0.340872
2.0 0.551373 0.835218 0.271405 0.22294
2.0 0.19838500000000003 0.659935 0.105008 0.214863
2.0 0.39951499999999995 0.53958 0.216478 0.332795
2.0 0.728271 0.100162 0.499192 0.200323
2.0 0.175767 0.286753 0.218094 0.285945
2.0 0.36155099999999996 0.781099 0.14378 0.224556
2.0 0.280775 0.077544 0.234249 0.148627
2.0 0.857512 0.857835 0.192246 0.19063
2.0 0.18949899999999997 0.817447 0.025848 0.219709
