3.0 0.652218 0.367944 0.260081 0.288306
3.0 0.258065 0.516129 0.391129 0.225806
3.0 0.426411 0.174395 0.235887 0.207661
3.0 0.662298 0.106855 0.264113 0.137097
3.0 0.864919 0.291331 0.221774 0.191532
3.0 0.831653 0.706653 0.284274 0.280242
3.0 0.5786290000000001 0.784274 0.342742 0.193548
3.0 0.32762100000000005 0.877016 0.328629 0.169355
3.0 0.20766099999999998 0.296371 0.16129 0.181452
3.0 0.12096799999999996 0.090726 0.241935 0.116935
3.0 0.589718 0.605847 0.235887 0.179435
3.0 0.18447599999999997 0.726815 0.268145 0.143145
