3 0.368952 0.410282 0.326613 0.260081
3 0.712702 0.365927 0.296371 0.219758
3 0.895161 0.412298 0.137097 0.352823
3 0.654234 0.669355 0.235887 0.250000
3 0.166331 0.632056 0.219758 0.167339
3 0.316532 0.107863 0.189516 0.167339
3 0.752016 0.161290 0.346774 0.193548
3 0.480847 0.195565 0.159274 0.137097
3 0.126008 0.245968 0.203629 0.185484
3 0.051411 0.799395 0.010081 0.010081
3 0.369960 0.881048 0.578629 0.237903
3 0.120968 0.455645 0.205645 0.153226
3 0.365927 0.665323 0.247984 0.149194
3 0.813508 0.857863 0.324597 0.284274
