3.0 0.367944 0.652218 0.288306 0.260081
3.0 0.516129 0.258065 0.225806 0.391129
3.0 0.174395 0.426411 0.207661 0.235887
3.0 0.106855 0.662298 0.137097 0.264113
3.0 0.291331 0.864919 0.191532 0.221774
3.0 0.706653 0.831653 0.280242 0.284274
3.0 0.784274 0.5786290000000001 0.193548 0.342742
3.0 0.877016 0.32762100000000005 0.169355 0.328629
3.0 0.296371 0.20766099999999998 0.181452 0.16129
3.0 0.090726 0.12096799999999996 0.116935 0.241935
3.0 0.605847 0.589718 0.179435 0.235887
3.0 0.726815 0.18447599999999997 0.143145 0.268145
