3.0 0.655242 0.084677 0.270161 0.137097
3.0 0.844758 0.259073 0.229839 0.247984
3.0 0.521169 0.334677 0.352823 0.245968
3.0 0.18145199999999995 0.11996 0.330645 0.171371
3.0 0.03427400000000003 0.346774 0.068548 0.254032
3.0 0.24294400000000005 0.305444 0.280242 0.167339
3.0 0.228831 0.632056 0.364919 0.22379
3.0 0.728831 0.626008 0.372984 0.1875
3.0 0.823589 0.462702 0.247984 0.155242
3.0 0.563508 0.669355 0.252016 0.177419
3.0 0.479839 0.867944 0.681452 0.239919
3.0 0.469758 0.140121 0.153226 0.118952
3.0 0.814516 0.811492 0.278226 0.239919
