3.0 0.389113 0.71875 0.25 0.235887
3.0 0.495968 0.226815 0.254032 0.227823
3.0 0.336694 0.40020199999999995 0.16129 0.252016
3.0 0.176411 0.498992 0.094758 0.199597
3.0 0.21371 0.314516 0.137097 0.221774
3.0 0.28125 0.147177 0.09879 0.169355
3.0 0.739919 0.775202 0.209677 0.308468
3.0 0.889113 0.6088709999999999 0.157258 0.435484
3.0 0.63004 0.6068549999999999 0.167339 0.266129
3.0 0.680444 0.363911 0.135081 0.171371
3.0 0.524194 0.39919400000000005 0.137097 0.241935
3.0 0.886089 0.18245999999999996 0.227822 0.364919
3.0 0.738911 0.058467999999999964 0.159274 0.116935
