3.0 0.790323 0.128024 0.270161 0.163306
3.0 0.530242 0.175403 0.423387 0.225806
3.0 0.13709700000000002 0.215726 0.173387 0.217742
3.0 0.752016 0.373992 0.427419 0.292339
3.0 0.387097 0.507056 0.322581 0.247984
3.0 0.663306 0.791331 0.358871 0.155242
3.0 0.14012100000000005 0.851815 0.280242 0.231855
3.0 0.15221799999999996 0.455645 0.252016 0.25
3.0 0.41129000000000004 0.836694 0.193548 0.209677
3.0 0.667339 0.603831 0.278226 0.175403
3.0 0.701613 0.948589 0.278226 0.102822
3.0 0.889113 0.743952 0.209677 0.326613
