3.0 0.131048 0.402218 0.262096 0.231855
3.0 0.40625 0.563508 0.381048 0.231855
3.0 0.783266 0.292339 0.308468 0.322581
3.0 0.310484 0.211694 0.262097 0.201613
3.0 0.458669 0.303427 0.227823 0.15121
3.0 0.685484 0.502016 0.318548 0.201613
3.0 0.84375 0.676411 0.3125 0.195565
3.0 0.163306 0.84375 0.278226 0.167339
3.0 0.388105 0.892137 0.292339 0.163306
3.0 0.711694 0.861895 0.334677 0.252016
3.0 0.123992 0.655242 0.247984 0.133065
3.0 0.587702 0.116935 0.227823 0.153226
3.0 0.122984 0.146169 0.245968 0.171371
