3.0 0.747984 0.378024 0.262097 0.239919
3.0 0.42439499999999997 0.493952 0.324597 0.25
3.0 0.10685500000000003 0.246976 0.21371 0.227823
3.0 0.16028200000000004 0.447581 0.292339 0.241935
3.0 0.504032 0.233871 0.274194 0.217742
3.0 0.728831 0.200605 0.284274 0.139113
3.0 0.37903200000000004 0.3125 0.225806 0.108871
3.0 0.857863 0.538306 0.163306 0.197581
3.0 0.712702 0.601815 0.304435 0.159274
3.0 0.673387 0.777218 0.278226 0.143145
3.0 0.17036300000000004 0.796371 0.292339 0.274194
3.0 0.447581 0.83871 0.21371 0.209677
3.0 0.917339 0.743952 0.165322 0.209677
3.0 0.71875 0.948589 0.268145 0.102822
