7.0 0.37013 0.475108 0.584416 0.318182
7.0 0.483766 0.398268 0.556277 0.424242
7.0 0.287879 0.178571 0.359307 0.279221
7.0 0.847403 0.281385 0.305194 0.415584
7.0 0.501082 0.472944 0.854978 0.149351
7.0 0.479437 0.530303 0.002165 0.0
7.0 0.517316 0.744589 0.627706 0.463203
7.0 0.888528 0.839827 0.19697 0.320346
7.0 0.137446 0.784632 0.274892 0.426407
7.0 0.143939 0.272727 0.248918 0.545454
7.0 0.422078 0.060606 0.419913 0.121212
7.0 0.693723 0.297619 0.534632 0.300866
7.0 0.534632 0.577922 0.809524 0.354978
