3.0 0.71875 0.389113 0.235887 0.25
3.0 0.226815 0.495968 0.227823 0.254032
3.0 0.40020199999999995 0.336694 0.252016 0.16129
3.0 0.498992 0.176411 0.199597 0.094758
3.0 0.314516 0.21371 0.221774 0.137097
3.0 0.147177 0.28125 0.169355 0.09879
3.0 0.775202 0.739919 0.308468 0.209677
3.0 0.6088709999999999 0.889113 0.435484 0.157258
3.0 0.6068549999999999 0.63004 0.266129 0.167339
3.0 0.363911 0.680444 0.171371 0.135081
3.0 0.39919400000000005 0.524194 0.241935 0.137097
3.0 0.18245999999999996 0.886089 0.364919 0.227822
3.0 0.058467999999999964 0.738911 0.116935 0.159274
