7.0 0.475108 0.6298699999999999 0.318182 0.584416
7.0 0.398268 0.5162340000000001 0.424242 0.556277
7.0 0.178571 0.712121 0.279221 0.359307
7.0 0.281385 0.15259699999999998 0.415584 0.305194
7.0 0.472944 0.498918 0.149351 0.854978
7.0 0.530303 0.520563 0.0 0.002165
7.0 0.744589 0.482684 0.463203 0.627706
7.0 0.839827 0.11147200000000002 0.320346 0.19697
7.0 0.784632 0.862554 0.426407 0.274892
7.0 0.272727 0.856061 0.545454 0.248918
7.0 0.060606 0.577922 0.121212 0.419913
7.0 0.297619 0.306277 0.300866 0.534632
7.0 0.577922 0.465368 0.354978 0.809524
