3.0 0.28125 0.389113 0.235887 0.25
3.0 0.773185 0.495968 0.227823 0.254032
3.0 0.599798 0.336694 0.252016 0.16129
3.0 0.501008 0.176411 0.199597 0.094758
3.0 0.685484 0.21371 0.221774 0.137097
3.0 0.852823 0.28125 0.169355 0.09879
3.0 0.224798 0.739919 0.308468 0.209677
3.0 0.391129 0.889113 0.435484 0.157258
3.0 0.393145 0.63004 0.266129 0.167339
3.0 0.636089 0.680444 0.171371 0.135081
3.0 0.600806 0.524194 0.241935 0.137097
3.0 0.81754 0.886089 0.364919 0.227822
3.0 0.941532 0.738911 0.116935 0.159274
