3.0 0.179435 0.571573 0.165323 0.1875
3.0 0.22379 0.27721799999999996 0.149194 0.207661
3.0 0.365927 0.41129000000000004 0.118952 0.233871
3.0 0.493952 0.157258 0.28629 0.201613
3.0 0.450605 0.745968 0.215726 0.306452
3.0 0.719758 0.756048 0.165323 0.193548
3.0 0.879032 0.633065 0.141129 0.407258
3.0 0.665323 0.40625 0.137097 0.231855
3.0 0.895161 0.195565 0.209677 0.391129
3.0 0.506048 0.407258 0.080645 0.225806
3.0 0.168347 0.09879000000000004 0.147177 0.19758
3.0 0.215726 0.878024 0.116935 0.135081
3.0 0.735887 0.26310500000000003 0.129032 0.268145
