3.0 0.428427 0.179435 0.1875 0.165323
3.0 0.722782 0.22379 0.207661 0.149194
3.0 0.58871 0.365927 0.233871 0.118952
3.0 0.842742 0.493952 0.201613 0.28629
3.0 0.254032 0.450605 0.306452 0.215726
3.0 0.243952 0.719758 0.193548 0.165323
3.0 0.366935 0.879032 0.407258 0.141129
3.0 0.59375 0.665323 0.231855 0.137097
3.0 0.804435 0.895161 0.391129 0.209677
3.0 0.592742 0.506048 0.225806 0.080645
3.0 0.90121 0.168347 0.19758 0.147177
3.0 0.121976 0.215726 0.135081 0.116935
3.0 0.736895 0.735887 0.268145 0.129032
