3.0 0.868952 0.402218 0.262096 0.231855
3.0 0.59375 0.563508 0.381048 0.231855
3.0 0.21673399999999998 0.292339 0.308468 0.322581
3.0 0.689516 0.211694 0.262097 0.201613
3.0 0.541331 0.303427 0.227823 0.15121
3.0 0.314516 0.502016 0.318548 0.201613
3.0 0.15625 0.676411 0.3125 0.195565
3.0 0.836694 0.84375 0.278226 0.167339
3.0 0.6118950000000001 0.892137 0.292339 0.163306
3.0 0.28830599999999995 0.861895 0.334677 0.252016
3.0 0.876008 0.655242 0.247984 0.133065
3.0 0.41229800000000005 0.116935 0.227823 0.153226
3.0 0.877016 0.146169 0.245968 0.171371
