3.0 0.128024 0.790323 0.163306 0.270161
3.0 0.175403 0.530242 0.225806 0.423387
3.0 0.215726 0.13709700000000002 0.217742 0.173387
3.0 0.373992 0.752016 0.292339 0.427419
3.0 0.507056 0.387097 0.247984 0.322581
3.0 0.791331 0.663306 0.155242 0.358871
3.0 0.851815 0.14012100000000005 0.231855 0.280242
3.0 0.455645 0.15221799999999996 0.25 0.252016
3.0 0.836694 0.41129000000000004 0.209677 0.193548
3.0 0.603831 0.667339 0.175403 0.278226
3.0 0.948589 0.701613 0.102822 0.278226
3.0 0.743952 0.889113 0.326613 0.209677
