3.0 0.399194 0.867944 0.278226 0.264112
3.0 0.551411 0.568548 0.22379 0.439516
3.0 0.543347 0.21673399999999998 0.215726 0.288306
3.0 0.295363 0.19959700000000002 0.332661 0.306452
3.0 0.215726 0.617944 0.225806 0.272177
3.0 0.139113 0.840726 0.149194 0.241935
3.0 0.868952 0.833669 0.169355 0.304435
3.0 0.885081 0.596774 0.177419 0.326613
3.0 0.764113 0.35786300000000004 0.173387 0.179435
3.0 0.283266 0.497984 0.159274 0.25
3.0 0.653226 0.878024 0.197581 0.191532
3.0 0.720766 0.11995999999999996 0.227823 0.239919
3.0 0.109879 0.364919 0.139113 0.270161
