3.0 0.132056 0.399194 0.264112 0.278226
3.0 0.431452 0.551411 0.439516 0.22379
3.0 0.783266 0.543347 0.288306 0.215726
3.0 0.800403 0.295363 0.306452 0.332661
3.0 0.382056 0.215726 0.272177 0.225806
3.0 0.159274 0.139113 0.241935 0.149194
3.0 0.166331 0.868952 0.304435 0.169355
3.0 0.403226 0.885081 0.326613 0.177419
3.0 0.642137 0.764113 0.179435 0.173387
3.0 0.502016 0.283266 0.25 0.159274
3.0 0.121976 0.653226 0.191532 0.197581
3.0 0.88004 0.720766 0.239919 0.227823
3.0 0.635081 0.109879 0.270161 0.139113
