3.0 0.867944 0.399194 0.264112 0.278226
3.0 0.568548 0.551411 0.439516 0.22379
3.0 0.21673399999999998 0.543347 0.288306 0.215726
3.0 0.19959700000000002 0.295363 0.306452 0.332661
3.0 0.617944 0.215726 0.272177 0.225806
3.0 0.840726 0.139113 0.241935 0.149194
3.0 0.833669 0.868952 0.304435 0.169355
3.0 0.596774 0.885081 0.326613 0.177419
3.0 0.35786300000000004 0.764113 0.179435 0.173387
3.0 0.497984 0.283266 0.25 0.159274
3.0 0.878024 0.653226 0.191532 0.197581
3.0 0.11995999999999996 0.720766 0.239919 0.227823
3.0 0.364919 0.109879 0.270161 0.139113
